   0 0.1255770967
   1 0.0408205442
   2 0.0676096899
   3 0.0818948499
   4 0.0819777552
   5 0.0761468457
   6 0.0718045326
   7 0.0686749149
   8 0.0565721110
   9 0.0515299913
  10 0.0542866342
  11 0.0539550817
  12 0.0499514008
  13 0.0427555940
  14 0.0350804885
  15 0.0301278857
  16 0.0248771033
  17 0.0184846499
  18 0.0127526433
  19 0.0087493385
  20 0.0062024712
  21 0.0043824464
  22 0.0030916458
  23 0.0022339847
  24 0.0016732288
  25 0.0013078271
  26 0.0010654923
  27 0.0008964440
  28 0.0007728483
  29 0.0006804072
  30 0.0006102079
  31 0.0005557226
  32 0.0005123908
  33 0.0004772007
  34 0.0004480613
  35 0.0004234268
  36 0.0004021781
  37 0.0003835484
  38 0.0003670127
  39 0.0003521872
  40 0.0003387747
  41 0.0003265425
  42 0.0003153111
  43 0.0003049403
  44 0.0002953184
  45 0.0002863538
  46 0.0002779710
  47 0.0002701068
  48 0.0002627077
  49 0.0002557277
  50 0.0002491272
  51 0.0002428718
  52 0.0002369323
  53 0.0002312832
  54 0.0002259026
  55 0.0002207709
  56 0.0002158709
  57 0.0002111868
  58 0.0002067043
  59 0.0002024102
  60 0.0001982927
  61 0.0001943407
  62 0.0001905442
  63 0.0001868942
  64 0.0001833822
  65 0.0001800007
  66 0.0001767424
  67 0.0001736009
  68 0.0001705700
  69 0.0001676439
  70 0.0001648174
  71 0.0001620854
  72 0.0001594432
  73 0.0001568866
  74 0.0001544113
  75 0.0001520136
  76 0.0001496900
  77 0.0001474369
  78 0.0001452514
  79 0.0001431303
  80 0.0001410709
  81 0.0001390705
  82 0.0001371266
  83 0.0001352369
  84 0.0001333991
  85 0.0001316112
  86 0.0001298710
  87 0.0001281768
  88 0.0001265267
  89 0.0001249191
  90 0.0001233522
  91 0.0001218247
  92 0.0001203349
  93 0.0001188816
  94 0.0001174635
  95 0.0001160792
  96 0.0001147275
  97 0.0001134074
  98 0.0001121178
  99 0.0001108575
 100 0.0001096256
 101 0.0001084212
 102 0.0001072434
 103 0.0001060912
 104 0.0001049639
 105 0.0001038606
 106 0.0001027807
 107 0.0001017233
 108 0.0001006878
 109 0.0000996735
