   0 0.0977073997
   1 0.0525160653
   2 0.0614327047
   3 0.0725750392
   4 0.0726153438
   5 0.0699538670
   6 0.0681178334
   7 0.0600005258
   8 0.0548544187
   9 0.0567467053
  10 0.0574913782
  11 0.0551695959
  12 0.0499403415
  13 0.0435666993
  14 0.0388373445
  15 0.0339795743
  16 0.0274777190
  17 0.0205372441
  18 0.0148251239
  19 0.0106736626
  20 0.0074929922
  21 0.0051540650
  22 0.0035740193
  23 0.0025551516
  24 0.0019047490
  25 0.0014766524
  26 0.0011835573
  27 0.0009783897
  28 0.0008325515
  29 0.0007267069
  30 0.0006479830
  31 0.0005879477
  32 0.0005409165
  33 0.0005030075
  34 0.0004716382
  35 0.0004451202
  36 0.0004223155
  37 0.0004024137
  38 0.0003848174
  39 0.0003690830
  40 0.0003548776
  41 0.0003419463
  42 0.0003300905
  43 0.0003191537
  44 0.0003090116
  45 0.0002995642
  46 0.0002907295
  47 0.0002824392
  48 0.0002746361
  49 0.0002672722
  50 0.0002603068
  51 0.0002537054
  52 0.0002474380
  53 0.0002414781
  54 0.0002358027
  55 0.0002303907
  56 0.0002252234
  57 0.0002202841
  58 0.0002155573
  59 0.0002110293
  60 0.0002066876
  61 0.0002025210
  62 0.0001985189
  63 0.0001946720
  64 0.0001909715
  65 0.0001874091
  66 0.0001839774
  67 0.0001806693
  68 0.0001774783
  69 0.0001743983
  70 0.0001714237
  71 0.0001685490
  72 0.0001657695
  73 0.0001630804
  74 0.0001604775
  75 0.0001579567
  76 0.0001555142
  77 0.0001531464
  78 0.0001508500
  79 0.0001486218
  80 0.0001464587
  81 0.0001443580
  82 0.0001423171
  83 0.0001403333
  84 0.0001384044
  85 0.0001365282
  86 0.0001347024
  87 0.0001329251
  88 0.0001311944
  89 0.0001295085
  90 0.0001278657
  91 0.0001262643
  92 0.0001247028
  93 0.0001231798
  94 0.0001216938
  95 0.0001202435
  96 0.0001188276
  97 0.0001174450
  98 0.0001160945
  99 0.0001147749
 100 0.0001134853
 101 0.0001122247
 102 0.0001109920
 103 0.0001097863
 104 0.0001086068
 105 0.0001074527
 106 0.0001063231
 107 0.0001052173
 108 0.0001041345
 109 0.0001030740
 110 0.0001020351
 111 0.0001010172
 112 0.0001000197
 113 0.0000990419
