   0 0.1025597979
   1 0.0452722503
   2 0.0636207111
   3 0.0748528855
   4 0.0750217085
   5 0.0714461272
   6 0.0694281292
   7 0.0651600458
   8 0.0571986304
   9 0.0549286697
  10 0.0564098815
  11 0.0562675554
  12 0.0535753893
  13 0.0482366009
  14 0.0411108708
  15 0.0345441522
  16 0.0281322573
  17 0.0207847142
  18 0.0139445805
  19 0.0090071141
  20 0.0058860435
  21 0.0038371151
  22 0.0024933093
  23 0.0016621437
  24 0.0011600469
  25 0.0008556126
  26 0.0006674715
  27 0.0005465766
  28 0.0004651106
  29 0.0004080739
  30 0.0003670459
  31 0.0003367792
  32 0.0003137977
  33 0.0002958079
  34 0.0002813139
  35 0.0002693220
  36 0.0002591496
  37 0.0002503209
  38 0.0002425077
  39 0.0002354850
  40 0.0002290961
  41 0.0002232267
  42 0.0002177901
  43 0.0002127188
  44 0.0002079598
  45 0.0002034712
  46 0.0001992198
  47 0.0001951784
  48 0.0001913251
  49 0.0001876416
  50 0.0001841126
  51 0.0001807255
  52 0.0001774691
  53 0.0001743342
  54 0.0001713124
  55 0.0001683966
  56 0.0001655804
  57 0.0001628581
  58 0.0001602247
  59 0.0001576757
  60 0.0001552068
  61 0.0001528144
  62 0.0001504949
  63 0.0001482449
  64 0.0001460615
  65 0.0001439418
  66 0.0001418831
  67 0.0001398829
  68 0.0001379388
  69 0.0001360486
  70 0.0001342101
  71 0.0001324212
  72 0.0001306802
  73 0.0001289850
  74 0.0001273341
  75 0.0001257257
  76 0.0001241582
  77 0.0001226302
  78 0.0001211401
  79 0.0001196867
  80 0.0001182685
  81 0.0001168843
  82 0.0001155330
  83 0.0001142133
  84 0.0001129243
  85 0.0001116647
  86 0.0001104336
  87 0.0001092302
  88 0.0001080533
  89 0.0001069023
  90 0.0001057761
  91 0.0001046741
  92 0.0001035955
  93 0.0001025394
  94 0.0001015053
  95 0.0001004923
  96 0.0000995000
