   0 0.0966650833
   1 0.0460868054
   2 0.0666863993
   3 0.0756574465
   4 0.0744626459
   5 0.0724206685
   6 0.0709494263
   7 0.0627120384
   8 0.0589170476
   9 0.0617748613
  10 0.0641064421
  11 0.0644740869
  12 0.0631644700
  13 0.0605076900
  14 0.0582375026
  15 0.0570587539
  16 0.0557820450
  17 0.0532621403
  18 0.0490249524
  19 0.0432252511
  20 0.0364868502
  21 0.0291938906
  22 0.0216550815
  23 0.0148556527
  24 0.0097136068
  25 0.0062584056
  26 0.0040368776
  27 0.0026348177
  28 0.0017665932
  29 0.0012337427
  30 0.0009045998
  31 0.0006974761
  32 0.0005635808
  33 0.0004742457
  34 0.0004126611
  35 0.0003688345
  36 0.0003366668
  37 0.0003123265
  38 0.0002933506
  39 0.0002781277
  40 0.0002655862
  41 0.0002550011
  42 0.0002458738
  43 0.0002378566
  44 0.0002307033
  45 0.0002242370
  46 0.0002183279
  47 0.0002128788
  48 0.0002078154
  49 0.0002030801
  50 0.0001986276
  51 0.0001944217
  52 0.0001904331
  53 0.0001866382
  54 0.0001830174
  55 0.0001795542
  56 0.0001762350
  57 0.0001730480
  58 0.0001699833
  59 0.0001670322
  60 0.0001641870
  61 0.0001614411
  62 0.0001587885
  63 0.0001562241
  64 0.0001537430
  65 0.0001513410
  66 0.0001490142
  67 0.0001467589
  68 0.0001445718
  69 0.0001424499
  70 0.0001403902
  71 0.0001383902
  72 0.0001364472
  73 0.0001345590
  74 0.0001327232
  75 0.0001309378
  76 0.0001292007
  77 0.0001275102
  78 0.0001258643
  79 0.0001242613
  80 0.0001226997
  81 0.0001211778
  82 0.0001196942
  83 0.0001182475
  84 0.0001168364
  85 0.0001154595
  86 0.0001141156
  87 0.0001128036
  88 0.0001115223
  89 0.0001102706
  90 0.0001090477
  91 0.0001078523
  92 0.0001066838
  93 0.0001055411
  94 0.0001044233
  95 0.0001033298
  96 0.0001022596
  97 0.0001012121
  98 0.0001001865
  99 0.0000991822
