   0 0.0856975217
   1 0.0494835408
   2 0.0574926948
   3 0.0669584175
   4 0.0676221287
   5 0.0653549374
   6 0.0629558503
   7 0.0566575276
   8 0.0505779672
   9 0.0492303533
  10 0.0477820910
  11 0.0429824952
  12 0.0349376271
  13 0.0258053209
  14 0.0190024719
  15 0.0137471608
  16 0.0090147045
  17 0.0056165134
  18 0.0035179886
  19 0.0023198065
  20 0.0016060660
  21 0.0011459390
  22 0.0008482720
  23 0.0006588840
  24 0.0005368312
  25 0.0004559168
  26 0.0004008684
  27 0.0003622593
  28 0.0003339753
  29 0.0003122371
  30 0.0002948800
  31 0.0002806603
  32 0.0002687750
  33 0.0002586429
  34 0.0002498356
  35 0.0002420464
  36 0.0002350576
  37 0.0002287098
  38 0.0002228815
  39 0.0002174802
  40 0.0002124362
  41 0.0002076975
  42 0.0002032241
  43 0.0001989844
  44 0.0001949526
  45 0.0001911070
  46 0.0001874298
  47 0.0001839060
  48 0.0001805229
  49 0.0001772700
  50 0.0001741379
  51 0.0001711187
  52 0.0001682052
  53 0.0001653913
  54 0.0001626713
  55 0.0001600402
  56 0.0001574933
  57 0.0001550265
  58 0.0001526359
  59 0.0001503181
  60 0.0001480698
  61 0.0001458879
  62 0.0001437697
  63 0.0001417125
  64 0.0001397137
  65 0.0001377711
  66 0.0001358822
  67 0.0001340451
  68 0.0001322577
  69 0.0001305181
  70 0.0001288243
  71 0.0001271748
  72 0.0001255677
  73 0.0001240016
  74 0.0001224749
  75 0.0001209862
  76 0.0001195340
  77 0.0001181171
  78 0.0001167342
  79 0.0001153842
  80 0.0001140658
  81 0.0001127779
  82 0.0001115196
  83 0.0001102898
  84 0.0001090875
  85 0.0001079119
  86 0.0001067620
  87 0.0001056371
  88 0.0001045362
  89 0.0001034587
  90 0.0001024038
  91 0.0001013708
  92 0.0001003590
  93 0.0000993678
