   0 0.0734598333
   1 0.0604556995
   2 0.0584344806
   3 0.0631534376
   4 0.0652874006
   5 0.0650907572
   6 0.0630864359
   7 0.0593812989
   8 0.0567176586
   9 0.0557182988
  10 0.0543123464
  11 0.0511563532
  12 0.0459417627
  13 0.0392461390
  14 0.0321702644
  15 0.0250033161
  16 0.0179230859
  17 0.0119322119
  18 0.0076718993
  19 0.0049224773
  20 0.0031832677
  21 0.0020947015
  22 0.0014262358
  23 0.0010182387
  24 0.0007665239
  25 0.0006076678
  26 0.0005041922
  27 0.0004342699
  28 0.0003852624
  29 0.0003497415
  30 0.0003231806
  31 0.0003027103
  32 0.0002864625
  33 0.0002732017
  34 0.0002620984
  35 0.0002525857
  36 0.0002442697
  37 0.0002368736
  38 0.0002302008
  39 0.0002241098
  40 0.0002184965
  41 0.0002132825
  42 0.0002084071
  43 0.0002038231
  44 0.0001994927
  45 0.0001953855
  46 0.0001914768
  47 0.0001877466
  48 0.0001841779
  49 0.0001807566
  50 0.0001774708
  51 0.0001743103
  52 0.0001712663
  53 0.0001683310
  54 0.0001654976
  55 0.0001627601
  56 0.0001601132
  57 0.0001575520
  58 0.0001550722
  59 0.0001526699
  60 0.0001503412
  61 0.0001480830
  62 0.0001458919
  63 0.0001437652
  64 0.0001417000
  65 0.0001396939
  66 0.0001377443
  67 0.0001358490
  68 0.0001340058
  69 0.0001322126
  70 0.0001304675
  71 0.0001287687
  72 0.0001271144
  73 0.0001255028
  74 0.0001239325
  75 0.0001224018
  76 0.0001209093
  77 0.0001194537
  78 0.0001180335
  79 0.0001166475
  80 0.0001152945
  81 0.0001139734
  82 0.0001126830
  83 0.0001114222
  84 0.0001101902
  85 0.0001089858
  86 0.0001078082
  87 0.0001066565
  88 0.0001055298
  89 0.0001044273
  90 0.0001033483
  91 0.0001022920
  92 0.0001012577
  93 0.0001002447
  94 0.0000992524
