   0 0.1184496418
   1 0.0519001579
   2 0.0632969864
   3 0.0781586606
   4 0.0797324332
   5 0.0756346850
   6 0.0726486472
   7 0.0710275914
   8 0.0624999733
   9 0.0587384999
  10 0.0620100786
  11 0.0647175261
  12 0.0655131202
  13 0.0649533199
  14 0.0632476770
  15 0.0619075990
  16 0.0619718775
  17 0.0626409252
  18 0.0629862294
  19 0.0627177937
  20 0.0619401522
  21 0.0609866608
  22 0.0601303716
  23 0.0593026831
  24 0.0582053370
  25 0.0565570083
  26 0.0541811874
  27 0.0509634234
  28 0.0467481763
  29 0.0412900680
  30 0.0344773540
  31 0.0268054070
  32 0.0194195158
  33 0.0133090197
  34 0.0087553818
  35 0.0056119557
  36 0.0035847491
  37 0.0023360518
  38 0.0015798256
  39 0.0011194180
  40 0.0008339897
  41 0.0006527662
  42 0.0005346278
  43 0.0004553984
  44 0.0004006203
  45 0.0003615073
  46 0.0003326375
  47 0.0003106108
  48 0.0002932592
  49 0.0002791769
  50 0.0002674373
  51 0.0002574182
  52 0.0002486934
  53 0.0002409646
  54 0.0002340186
  55 0.0002277000
  56 0.0002218935
  57 0.0002165122
  58 0.0002114893
  59 0.0002067732
  60 0.0002023230
  61 0.0001981063
  62 0.0001940968
  63 0.0001902729
  64 0.0001866168
  65 0.0001831137
  66 0.0001797508
  67 0.0001765175
  68 0.0001734043
  69 0.0001704034
  70 0.0001675076
  71 0.0001647106
  72 0.0001620069
  73 0.0001593914
  74 0.0001568597
  75 0.0001544076
  76 0.0001520313
  77 0.0001497273
  78 0.0001474923
  79 0.0001453234
  80 0.0001432177
  81 0.0001411725
  82 0.0001391854
  83 0.0001372540
  84 0.0001353761
  85 0.0001335495
  86 0.0001317722
  87 0.0001300423
  88 0.0001283581
  89 0.0001267177
  90 0.0001251196
  91 0.0001235621
  92 0.0001220437
  93 0.0001205630
  94 0.0001191187
  95 0.0001177094
  96 0.0001163339
  97 0.0001149910
  98 0.0001136795
  99 0.0001123984
 100 0.0001111466
 101 0.0001099231
 102 0.0001087270
 103 0.0001075574
 104 0.0001064133
 105 0.0001052940
 106 0.0001041987
 107 0.0001031265
 108 0.0001020769
 109 0.0001010489
 110 0.0001000421
 111 0.0000990557
