   0 0.0734598333
   0 0.0856975217
   0 0.0900268901
   0 0.0966650833
   0 0.0977073997
   0 0.1020194347
   0 0.1025597979
   0 0.1184496418
   0 0.1187392853
   0 0.1255770967
   1 0.0408205442
   1 0.0452722503
   1 0.0460868054
   1 0.0477837987
   1 0.0488128115
   1 0.0494835408
   1 0.0515890748
   1 0.0519001579
   1 0.0525160653
   1 0.0604556995
   2 0.0574926948
   2 0.0584344806
   2 0.0589322561
   2 0.0599455475
   2 0.0608647476
   2 0.0614327047
   2 0.0632969864
   2 0.0636207111
   2 0.0666863993
   2 0.0676096899
   3 0.0631534376
   3 0.0669584175
   3 0.0695842920
   3 0.0725750392
   3 0.0733332198
   3 0.0748528855
   3 0.0753260805
   3 0.0756574465
   3 0.0781586606
   3 0.0818948499
   4 0.0652874006
   4 0.0676221287
   4 0.0688445531
   4 0.0726153438
   4 0.0743109180
   4 0.0744626459
   4 0.0750217085
   4 0.0784555976
   4 0.0797324332
   4 0.0819777552
   5 0.0648319914
   5 0.0650907572
   5 0.0653549374
   5 0.0699538670
   5 0.0711179052
   5 0.0714461272
   5 0.0724206685
   5 0.0754158586
   5 0.0756346850
   5 0.0761468457
   6 0.0601158629
   6 0.0629558503
   6 0.0630864359
   6 0.0681178334
   6 0.0694281292
   6 0.0698494897
   6 0.0709494263
   6 0.0710178754
   6 0.0718045326
   6 0.0726486472
   7 0.0497546540
   7 0.0566575276
   7 0.0593812989
   7 0.0600005258
   7 0.0627120384
   7 0.0651600458
   7 0.0655055771
   7 0.0686749149
   7 0.0696020776
   7 0.0710275914
   8 0.0423216775
   8 0.0505779672
   8 0.0548544187
   8 0.0565721110
   8 0.0567176586
   8 0.0571986304
   8 0.0581716210
   8 0.0589170476
   8 0.0624999733
   8 0.0651566854
   9 0.0403768433
   9 0.0492303533
   9 0.0515299913
   9 0.0549286697
   9 0.0557182988
   9 0.0567467053
   9 0.0576889396
   9 0.0579152368
   9 0.0587384999
   9 0.0617748613
  10 0.0354883460
  10 0.0477820910
  10 0.0542866342
  10 0.0543123464
  10 0.0564098815
  10 0.0572093535
  10 0.0574913782
  10 0.0600523838
  10 0.0620100786
  10 0.0641064421
  11 0.0269220888
  11 0.0429824952
  11 0.0511563532
  11 0.0539550817
  11 0.0551695959
  11 0.0562675554
  11 0.0597027339
  11 0.0603943277
  11 0.0644740869
  11 0.0647175261
  12 0.0180282683
  12 0.0349376271
  12 0.0459417627
  12 0.0499403415
  12 0.0499514008
  12 0.0535753893
  12 0.0585269256
  12 0.0606958536
  12 0.0631644700
  12 0.0655131202
  13 0.0119197296
  13 0.0258053209
  13 0.0392461390
  13 0.0427555940
  13 0.0435666993
  13 0.0482366009
  13 0.0545776159
  13 0.0598995482
  13 0.0605076900
  13 0.0649533199
  14 0.0084376344
  14 0.0190024719
  14 0.0321702644
  14 0.0350804885
  14 0.0388373445
  14 0.0411108708
  14 0.0500048203
  14 0.0575686181
  14 0.0582375026
  14 0.0632476770
  15 0.0054879717
  15 0.0137471608
  15 0.0250033161
  15 0.0301278857
  15 0.0339795743
  15 0.0345441522
  15 0.0465136164
  15 0.0540275980
  15 0.0570587539
  15 0.0619075990
  16 0.0034164460
  16 0.0090147045
  16 0.0179230859
  16 0.0248771033
  16 0.0274777190
  16 0.0281322573
  16 0.0428023697
  16 0.0506487133
  16 0.0557820450
  16 0.0619718775
  17 0.0021712661
  17 0.0056165134
  17 0.0119322119
  17 0.0184846499
  17 0.0205372441
  17 0.0207847142
  17 0.0374490485
  17 0.0476076939
  17 0.0532621403
  17 0.0626409252
  18 0.0014409724
  18 0.0035179886
  18 0.0076718993
  18 0.0127526433
  18 0.0139445805
  18 0.0148251239
  18 0.0307552750
  18 0.0433879953
  18 0.0490249524
  18 0.0629862294
  19 0.0010343406
  19 0.0023198065
  19 0.0049224773
  19 0.0087493385
  19 0.0090071141
  19 0.0106736626
  19 0.0240179025
  19 0.0369413042
  19 0.0432252511
  19 0.0627177937
  20 0.0007949423
  20 0.0016060660
  20 0.0031832677
  20 0.0058860435
  20 0.0062024712
  20 0.0074929922
  20 0.0182180503
  20 0.0288616708
  20 0.0364868502
  20 0.0619401522
  21 0.0006340589
  21 0.0011459390
  21 0.0020947015
  21 0.0038371151
  21 0.0043824464
  21 0.0051540650
  21 0.0132741952
  21 0.0210958602
  21 0.0291938906
  21 0.0609866608
  22 0.0005209085
  22 0.0008482720
  22 0.0014262358
  22 0.0024933093
  22 0.0030916458
  22 0.0035740193
  22 0.0092448473
  22 0.0149213378
  22 0.0216550815
  22 0.0601303716
  23 0.0004432235
  23 0.0006588840
  23 0.0010182387
  23 0.0016621437
  23 0.0022339847
  23 0.0025551516
  23 0.0063093108
  23 0.0100572718
  23 0.0148556527
  23 0.0593026831
  24 0.0003900867
  24 0.0005368312
  24 0.0007665239
  24 0.0011600469
  24 0.0016732288
  24 0.0019047490
  24 0.0043498815
  24 0.0064399895
  24 0.0097136068
  24 0.0582053370
  25 0.0003523864
  25 0.0004559168
  25 0.0006076678
  25 0.0008556126
  25 0.0013078271
  25 0.0014766524
  25 0.0030870248
  25 0.0040661196
  25 0.0062584056
  25 0.0565570083
  26 0.0003245225
  26 0.0004008684
  26 0.0005041922
  26 0.0006674715
  26 0.0010654923
  26 0.0011835573
  26 0.0022607579
  26 0.0026260244
  26 0.0040368776
  26 0.0541811874
  27 0.0003034213
  27 0.0003622593
  27 0.0004342699
  27 0.0005465766
  27 0.0008964440
  27 0.0009783897
  27 0.0017080584
  27 0.0017697045
  27 0.0026348177
  27 0.0509634234
  28 0.0002870779
  28 0.0003339753
  28 0.0003852624
  28 0.0004651106
  28 0.0007728483
  28 0.0008325515
  28 0.0012471232
  28 0.0013346406
  28 0.0017665932
  28 0.0467481763
  29 0.0002739570
  29 0.0003122371
  29 0.0003497415
  29 0.0004080739
  29 0.0006804072
  29 0.0007267069
  29 0.0009180645
  29 0.0010797810
  29 0.0012337427
  29 0.0412900680
  30 0.0002629659
  30 0.0002948800
  30 0.0003231806
  30 0.0003670459
  30 0.0006102079
  30 0.0006479830
  30 0.0007073796
  30 0.0009028390
  30 0.0009045998
  30 0.0344773540
  31 0.0002534506
  31 0.0002806603
  31 0.0003027103
  31 0.0003367792
  31 0.0005557226
  31 0.0005706196
  31 0.0005879477
  31 0.0006974761
  31 0.0007771772
  31 0.0268054070
  32 0.0002450588
  32 0.0002687750
  32 0.0002864625
  32 0.0003137977
  32 0.0004799440
  32 0.0005123908
  32 0.0005409165
  32 0.0005635808
  32 0.0006854247
  32 0.0194195158
  33 0.0002375769
  33 0.0002586429
  33 0.0002732017
  33 0.0002958079
  33 0.0004181315
  33 0.0004742457
  33 0.0004772007
  33 0.0005030075
  33 0.0006162826
  33 0.0133090197
  34 0.0002308384
  34 0.0002498356
  34 0.0002620984
  34 0.0002813139
  34 0.0003746584
  34 0.0004126611
  34 0.0004480613
  34 0.0004716382
  34 0.0005625309
  34 0.0087553818
  35 0.0002247023
  35 0.0002420464
  35 0.0002525857
  35 0.0002693220
  35 0.0003430165
  35 0.0003688345
  35 0.0004234268
  35 0.0004451202
  35 0.0005195959
  35 0.0056119557
  36 0.0002190567
  36 0.0002350576
  36 0.0002442697
  36 0.0002591496
  36 0.0003191234
  36 0.0003366668
  36 0.0004021781
  36 0.0004223155
  36 0.0004845072
  36 0.0035847491
  37 0.0002138187
  37 0.0002287098
  37 0.0002368736
  37 0.0002503209
  37 0.0003004194
  37 0.0003123265
  37 0.0003835484
  37 0.0004024137
  37 0.0004552476
  37 0.0023360518
  38 0.0002089265
  38 0.0002228815
  38 0.0002302008
  38 0.0002425077
  38 0.0002853033
  38 0.0002933506
  38 0.0003670127
  38 0.0003848174
  38 0.0004303995
  38 0.0015798256
  39 0.0002043311
  39 0.0002174802
  39 0.0002241098
  39 0.0002354850
  39 0.0002727574
  39 0.0002781277
  39 0.0003521872
  39 0.0003690830
  39 0.0004089498
  39 0.0011194180
  40 0.0001999927
  40 0.0002124362
  40 0.0002184965
  40 0.0002290961
  40 0.0002621080
  40 0.0002655862
  40 0.0003387747
  40 0.0003548776
  40 0.0003901643
  40 0.0008339897
  41 0.0001958787
  41 0.0002076975
  41 0.0002132825
  41 0.0002232267
  41 0.0002528897
  41 0.0002550011
  41 0.0003265425
  41 0.0003419463
  41 0.0003735012
  41 0.0006527662
  42 0.0001919635
  42 0.0002032241
  42 0.0002084071
  42 0.0002177901
  42 0.0002447711
  42 0.0002458738
  42 0.0003153111
  42 0.0003300905
  42 0.0003585556
  42 0.0005346278
  43 0.0001882266
  43 0.0001989844
  43 0.0002038231
  43 0.0002127188
  43 0.0002375128
  43 0.0002378566
  43 0.0003049403
  43 0.0003191537
  43 0.0003450225
  43 0.0004553984
  44 0.0001846515
  44 0.0001949526
  44 0.0001994927
  44 0.0002079598
  44 0.0002307033
  44 0.0002309399
  44 0.0002953184
  44 0.0003090116
  44 0.0003326700
  44 0.0004006203
  45 0.0001812241
  45 0.0001911070
  45 0.0001953855
  45 0.0002034712
  45 0.0002242370
  45 0.0002249222
  45 0.0002863538
  45 0.0002995642
  45 0.0003213191
  45 0.0003615073
  46 0.0001779324
  46 0.0001874298
  46 0.0001914768
  46 0.0001992198
  46 0.0002183279
  46 0.0002193617
  46 0.0002779710
  46 0.0002907295
  46 0.0003108287
  46 0.0003326375
  47 0.0001747660
  47 0.0001839060
  47 0.0001877466
  47 0.0001951784
  47 0.0002128788
  47 0.0002141836
  47 0.0002701068
  47 0.0002824392
  47 0.0003010856
  47 0.0003106108
  48 0.0001717159
  48 0.0001805229
  48 0.0001841779
  48 0.0001913251
  48 0.0002078154
  48 0.0002093306
  48 0.0002627077
  48 0.0002746361
  48 0.0002919976
  48 0.0002932592
  49 0.0001687744
  49 0.0001772700
  49 0.0001807566
  49 0.0001876416
  49 0.0002030801
  49 0.0002047580
  49 0.0002557277
  49 0.0002672722
  49 0.0002791769
  49 0.0002834891
  50 0.0001659347
  50 0.0001741379
  50 0.0001774708
  50 0.0001841126
  50 0.0001986276
  50 0.0002004308
  50 0.0002491272
  50 0.0002603068
  50 0.0002674373
  50 0.0002754977
  51 0.0001631910
  51 0.0001711187
  51 0.0001743103
  51 0.0001807255
  51 0.0001944217
  51 0.0001963207
  51 0.0002428718
  51 0.0002537054
  51 0.0002574182
  51 0.0002679710
  52 0.0001605380
  52 0.0001682052
  52 0.0001712663
  52 0.0001774691
  52 0.0001904331
  52 0.0001924049
  52 0.0002369323
  52 0.0002474380
  52 0.0002486934
  52 0.0002608646
  53 0.0001579709
  53 0.0001653913
  53 0.0001683310
  53 0.0001743342
  53 0.0001866382
  53 0.0001886641
  53 0.0002312832
  53 0.0002409646
  53 0.0002414781
  53 0.0002541405
  54 0.0001554854
  54 0.0001626713
  54 0.0001654976
  54 0.0001713124
  54 0.0001830174
  54 0.0001850823
  54 0.0002259026
  54 0.0002340186
  54 0.0002358027
  54 0.0002477657
  55 0.0001530776
  55 0.0001600402
  55 0.0001627601
  55 0.0001683966
  55 0.0001795542
  55 0.0001816463
  55 0.0002207709
  55 0.0002277000
  55 0.0002303907
  55 0.0002417113
  56 0.0001507436
  56 0.0001574933
  56 0.0001601132
  56 0.0001655804
  56 0.0001762350
  56 0.0001783444
  56 0.0002158709
  56 0.0002218935
  56 0.0002252234
  56 0.0002359519
  57 0.0001484801
  57 0.0001550265
  57 0.0001575520
  57 0.0001628581
  57 0.0001730480
  57 0.0001751669
  57 0.0002111868
  57 0.0002165122
  57 0.0002202841
  57 0.0002304649
  58 0.0001462840
  58 0.0001526359
  58 0.0001550722
  58 0.0001602247
  58 0.0001699833
  58 0.0001721053
  58 0.0002067043
  58 0.0002114893
  58 0.0002155573
  58 0.0002252303
  59 0.0001441523
  59 0.0001503181
  59 0.0001526699
  59 0.0001576757
  59 0.0001670322
  59 0.0001691521
  59 0.0002024102
  59 0.0002067732
  59 0.0002110293
  59 0.0002202302
  60 0.0001420822
  60 0.0001480698
  60 0.0001503412
  60 0.0001552068
  60 0.0001641870
  60 0.0001663008
  60 0.0001982927
  60 0.0002023230
  60 0.0002066876
  60 0.0002154488
  61 0.0001400711
  61 0.0001458879
  61 0.0001480830
  61 0.0001528144
  61 0.0001614411
  61 0.0001635456
  61 0.0001943407
  61 0.0001981063
  61 0.0002025210
  61 0.0002108715
  62 0.0001381167
  62 0.0001437697
  62 0.0001458919
  62 0.0001504949
  62 0.0001587885
  62 0.0001608812
  62 0.0001905442
  62 0.0001940968
  62 0.0001985189
  62 0.0002064855
  63 0.0001362166
  63 0.0001417125
  63 0.0001437652
  63 0.0001482449
  63 0.0001562241
  63 0.0001583028
  63 0.0001868942
  63 0.0001902729
  63 0.0001946720
  63 0.0002022789
  64 0.0001343687
  64 0.0001397137
  64 0.0001417000
  64 0.0001460615
  64 0.0001537430
  64 0.0001558062
  64 0.0001833822
  64 0.0001866168
  64 0.0001909715
  64 0.0001982408
  65 0.0001325709
  65 0.0001377711
  65 0.0001396939
  65 0.0001439418
  65 0.0001513410
  65 0.0001533874
  65 0.0001800007
  65 0.0001831137
  65 0.0001874091
  65 0.0001943613
  66 0.0001308214
  66 0.0001358822
  66 0.0001377443
  66 0.0001418831
  66 0.0001490142
  66 0.0001510427
  66 0.0001767424
  66 0.0001797508
  66 0.0001839774
  66 0.0001906313
  67 0.0001291182
  67 0.0001340451
  67 0.0001358490
  67 0.0001398829
  67 0.0001467589
  67 0.0001487689
  67 0.0001736009
  67 0.0001765175
  67 0.0001806693
  67 0.0001870421
  68 0.0001274595
  68 0.0001322577
  68 0.0001340058
  68 0.0001379388
  68 0.0001445718
  68 0.0001465627
  68 0.0001705700
  68 0.0001734043
  68 0.0001774783
  68 0.0001835861
  69 0.0001258437
  69 0.0001305181
  69 0.0001322126
  69 0.0001360486
  69 0.0001424499
  69 0.0001444212
  69 0.0001676439
  69 0.0001704034
  69 0.0001743983
  69 0.0001802559
  70 0.0001242692
  70 0.0001288243
  70 0.0001304675
  70 0.0001342101
  70 0.0001403902
  70 0.0001423418
  70 0.0001648174
  70 0.0001675076
  70 0.0001714237
  70 0.0001770447
  71 0.0001227345
  71 0.0001271748
  71 0.0001287687
  71 0.0001324212
  71 0.0001383902
  71 0.0001403219
  71 0.0001620854
  71 0.0001647106
  71 0.0001685490
  71 0.0001739464
  72 0.0001212380
  72 0.0001255677
  72 0.0001271144
  72 0.0001306802
  72 0.0001364472
  72 0.0001383590
  72 0.0001594432
  72 0.0001620069
  72 0.0001657695
  72 0.0001709551
  73 0.0001197784
  73 0.0001240016
  73 0.0001255028
  73 0.0001289850
  73 0.0001345590
  73 0.0001364508
  73 0.0001568866
  73 0.0001593914
  73 0.0001630804
  73 0.0001680654
  74 0.0001183544
  74 0.0001224749
  74 0.0001239325
  74 0.0001273341
  74 0.0001327232
  74 0.0001345951
  74 0.0001544113
  74 0.0001568597
  74 0.0001604775
  74 0.0001652723
  75 0.0001169646
  75 0.0001209862
  75 0.0001224018
  75 0.0001257257
  75 0.0001309378
  75 0.0001327899
  75 0.0001520136
  75 0.0001544076
  75 0.0001579567
  75 0.0001625710
  76 0.0001156079
  76 0.0001195340
  76 0.0001209093
  76 0.0001241582
  76 0.0001292007
  76 0.0001310333
  76 0.0001496900
  76 0.0001520313
  76 0.0001555142
  76 0.0001599570
  77 0.0001142831
  77 0.0001181171
  77 0.0001194537
  77 0.0001226302
  77 0.0001275102
  77 0.0001293232
  77 0.0001474369
  77 0.0001497273
  77 0.0001531464
  77 0.0001574262
  78 0.0001129891
  78 0.0001167342
  78 0.0001180335
  78 0.0001211401
  78 0.0001258643
  78 0.0001276581
  78 0.0001452514
  78 0.0001474923
  78 0.0001508500
  78 0.0001549748
  79 0.0001117249
  79 0.0001153842
  79 0.0001166475
  79 0.0001196867
  79 0.0001242613
  79 0.0001260360
  79 0.0001431303
  79 0.0001453234
  79 0.0001486218
  79 0.0001525989
  80 0.0001104894
  80 0.0001140658
  80 0.0001152945
  80 0.0001182685
  80 0.0001226997
  80 0.0001244555
  80 0.0001410709
  80 0.0001432177
  80 0.0001464587
  80 0.0001502953
  81 0.0001092816
  81 0.0001127779
  81 0.0001139734
  81 0.0001168843
  81 0.0001211778
  81 0.0001229150
  81 0.0001390705
  81 0.0001411725
  81 0.0001443580
  81 0.0001480607
  82 0.0001081007
  82 0.0001115196
  82 0.0001126830
  82 0.0001155330
  82 0.0001196942
  82 0.0001214131
  82 0.0001371266
  82 0.0001391854
  82 0.0001423171
  82 0.0001458920
  83 0.0001069457
  83 0.0001102898
  83 0.0001114222
  83 0.0001142133
  83 0.0001182475
  83 0.0001199482
  83 0.0001352369
  83 0.0001372540
  83 0.0001403333
  83 0.0001437863
  84 0.0001058158
  84 0.0001090875
  84 0.0001101902
  84 0.0001129243
  84 0.0001168364
  84 0.0001185191
  84 0.0001333991
  84 0.0001353761
  84 0.0001384044
  84 0.0001417409
  85 0.0001047102
  85 0.0001079119
  85 0.0001089858
  85 0.0001116647
  85 0.0001154595
  85 0.0001171245
  85 0.0001316112
  85 0.0001335495
  85 0.0001365282
  85 0.0001397534
  86 0.0001036281
  86 0.0001067620
  86 0.0001078082
  86 0.0001104336
  86 0.0001141156
  86 0.0001157632
  86 0.0001298710
  86 0.0001317722
  86 0.0001347024
  86 0.0001378212
  87 0.0001025688
  87 0.0001056371
  87 0.0001066565
  87 0.0001092302
  87 0.0001128036
  87 0.0001144339
  87 0.0001281768
  87 0.0001300423
  87 0.0001329251
  87 0.0001359422
  88 0.0001015315
  88 0.0001045362
  88 0.0001055298
  88 0.0001080533
  88 0.0001115223
  88 0.0001131356
  88 0.0001265267
  88 0.0001283581
  88 0.0001311944
  88 0.0001341141
  89 0.0001005156
  89 0.0001034587
  89 0.0001044273
  89 0.0001069023
  89 0.0001102706
  89 0.0001118673
  89 0.0001249191
  89 0.0001267177
  89 0.0001295085
  89 0.0001323349
  90 0.0000995204
  90 0.0001024038
  90 0.0001033483
  90 0.0001057761
  90 0.0001090477
  90 0.0001106278
  90 0.0001233522
  90 0.0001251196
  90 0.0001278657
  90 0.0001306027
  91 0.0001013708
  91 0.0001022920
  91 0.0001046741
  91 0.0001078523
  91 0.0001094162
  91 0.0001218247
  91 0.0001235621
  91 0.0001262643
  91 0.0001289156
  92 0.0001003590
  92 0.0001012577
  92 0.0001035955
  92 0.0001066838
  92 0.0001082316
  92 0.0001203349
  92 0.0001220437
  92 0.0001247028
  92 0.0001272719
  93 0.0000993678
  93 0.0001002447
  93 0.0001025394
  93 0.0001055411
  93 0.0001070731
  93 0.0001188816
  93 0.0001205630
  93 0.0001231798
  93 0.0001256700
  94 0.0000992524
  94 0.0001015053
  94 0.0001044233
  94 0.0001059398
  94 0.0001174635
  94 0.0001191187
  94 0.0001216938
  94 0.0001241082
  95 0.0001004923
  95 0.0001033298
  95 0.0001048309
  95 0.0001160792
  95 0.0001177094
  95 0.0001202435
  95 0.0001225852
  96 0.0000995000
  96 0.0001022596
  96 0.0001037456
  96 0.0001147275
  96 0.0001163339
  96 0.0001188276
  96 0.0001210994
  97 0.0001012121
  97 0.0001026832
  97 0.0001134074
  97 0.0001149910
  97 0.0001174450
  97 0.0001196495
  98 0.0001001865
  98 0.0001016429
  98 0.0001121178
  98 0.0001136795
  98 0.0001160945
  98 0.0001182344
  99 0.0000991822
  99 0.0001006241
  99 0.0001108575
  99 0.0001123984
  99 0.0001147749
  99 0.0001168526
 100 0.0000996261
 100 0.0001096256
 100 0.0001111466
 100 0.0001134853
 100 0.0001155031
 101 0.0001084212
 101 0.0001099231
 101 0.0001122247
 101 0.0001141847
 102 0.0001072434
 102 0.0001087270
 102 0.0001109920
 102 0.0001128964
 103 0.0001060912
 103 0.0001075574
 103 0.0001097863
 103 0.0001116372
 104 0.0001049639
 104 0.0001064133
 104 0.0001086068
 104 0.0001104061
 105 0.0001038606
 105 0.0001052940
 105 0.0001074527
 105 0.0001092021
 106 0.0001027807
 106 0.0001041987
 106 0.0001063231
 106 0.0001080244
 107 0.0001017233
 107 0.0001031265
 107 0.0001052173
 107 0.0001068722
 108 0.0001006878
 108 0.0001020769
 108 0.0001041345
 108 0.0001057446
 109 0.0000996735
 109 0.0001010489
 109 0.0001030740
 109 0.0001046408
 110 0.0001000421
 110 0.0001020351
 110 0.0001035601
 111 0.0000990557
 111 0.0001010172
 111 0.0001025018
 112 0.0001000197
 112 0.0001014652
 113 0.0000990419
 113 0.0001004496
 114 0.0000994544
