   0 0.1020194347
   1 0.0515890748
   2 0.0608647476
   3 0.0733332198
   4 0.0743109180
   5 0.0711179052
   6 0.0698494897
   7 0.0655055771
   8 0.0581716210
   9 0.0576889396
  10 0.0600523838
  11 0.0603943277
  12 0.0585269256
  13 0.0545776159
  14 0.0500048203
  15 0.0465136164
  16 0.0428023697
  17 0.0374490485
  18 0.0307552750
  19 0.0240179025
  20 0.0182180503
  21 0.0132741952
  22 0.0092448473
  23 0.0063093108
  24 0.0043498815
  25 0.0030870248
  26 0.0022607579
  27 0.0017080584
  28 0.0013346406
  29 0.0010797810
  30 0.0009028390
  31 0.0007771772
  32 0.0006854247
  33 0.0006162826
  34 0.0005625309
  35 0.0005195959
  36 0.0004845072
  37 0.0004552476
  38 0.0004303995
  39 0.0004089498
  40 0.0003901643
  41 0.0003735012
  42 0.0003585556
  43 0.0003450225
  44 0.0003326700
  45 0.0003213191
  46 0.0003108287
  47 0.0003010856
  48 0.0002919976
  49 0.0002834891
  50 0.0002754977
  51 0.0002679710
  52 0.0002608646
  53 0.0002541405
  54 0.0002477657
  55 0.0002417113
  56 0.0002359519
  57 0.0002304649
  58 0.0002252303
  59 0.0002202302
  60 0.0002154488
  61 0.0002108715
  62 0.0002064855
  63 0.0002022789
  64 0.0001982408
  65 0.0001943613
  66 0.0001906313
  67 0.0001870421
  68 0.0001835861
  69 0.0001802559
  70 0.0001770447
  71 0.0001739464
  72 0.0001709551
  73 0.0001680654
  74 0.0001652723
  75 0.0001625710
  76 0.0001599570
  77 0.0001574262
  78 0.0001549748
  79 0.0001525989
  80 0.0001502953
  81 0.0001480607
  82 0.0001458920
  83 0.0001437863
  84 0.0001417409
  85 0.0001397534
  86 0.0001378212
  87 0.0001359422
  88 0.0001341141
  89 0.0001323349
  90 0.0001306027
  91 0.0001289156
  92 0.0001272719
  93 0.0001256700
  94 0.0001241082
  95 0.0001225852
  96 0.0001210994
  97 0.0001196495
  98 0.0001182344
  99 0.0001168526
 100 0.0001155031
 101 0.0001141847
 102 0.0001128964
 103 0.0001116372
 104 0.0001104061
 105 0.0001092021
 106 0.0001080244
 107 0.0001068722
 108 0.0001057446
 109 0.0001046408
 110 0.0001035601
 111 0.0001025018
 112 0.0001014652
 113 0.0001004496
 114 0.0000994544
