   0 0.1187392853
   1 0.0488128115
   2 0.0589322561
   3 0.0753260805
   4 0.0784555976
   5 0.0754158586
   6 0.0710178754
   7 0.0696020776
   8 0.0651566854
   9 0.0579152368
  10 0.0572093535
  11 0.0597027339
  12 0.0606958536
  13 0.0598995482
  14 0.0575686181
  15 0.0540275980
  16 0.0506487133
  17 0.0476076939
  18 0.0433879953
  19 0.0369413042
  20 0.0288616708
  21 0.0210958602
  22 0.0149213378
  23 0.0100572718
  24 0.0064399895
  25 0.0040661196
  26 0.0026260244
  27 0.0017697045
  28 0.0012471232
  29 0.0009180645
  30 0.0007073796
  31 0.0005706196
  32 0.0004799440
  33 0.0004181315
  34 0.0003746584
  35 0.0003430165
  36 0.0003191234
  37 0.0003004194
  38 0.0002853033
  39 0.0002727574
  40 0.0002621080
  41 0.0002528897
  42 0.0002447711
  43 0.0002375128
  44 0.0002309399
  45 0.0002249222
  46 0.0002193617
  47 0.0002141836
  48 0.0002093306
  49 0.0002047580
  50 0.0002004308
  51 0.0001963207
  52 0.0001924049
  53 0.0001886641
  54 0.0001850823
  55 0.0001816463
  56 0.0001783444
  57 0.0001751669
  58 0.0001721053
  59 0.0001691521
  60 0.0001663008
  61 0.0001635456
  62 0.0001608812
  63 0.0001583028
  64 0.0001558062
  65 0.0001533874
  66 0.0001510427
  67 0.0001487689
  68 0.0001465627
  69 0.0001444212
  70 0.0001423418
  71 0.0001403219
  72 0.0001383590
  73 0.0001364508
  74 0.0001345951
  75 0.0001327899
  76 0.0001310333
  77 0.0001293232
  78 0.0001276581
  79 0.0001260360
  80 0.0001244555
  81 0.0001229150
  82 0.0001214131
  83 0.0001199482
  84 0.0001185191
  85 0.0001171245
  86 0.0001157632
  87 0.0001144339
  88 0.0001131356
  89 0.0001118673
  90 0.0001106278
  91 0.0001094162
  92 0.0001082316
  93 0.0001070731
  94 0.0001059398
  95 0.0001048309
  96 0.0001037456
  97 0.0001026832
  98 0.0001016429
  99 0.0001006241
 100 0.0000996261
