   0 0.0900268901
   1 0.0477837987
   2 0.0599455475
   3 0.0695842920
   4 0.0688445531
   5 0.0648319914
   6 0.0601158629
   7 0.0497546540
   8 0.0423216775
   9 0.0403768433
  10 0.0354883460
  11 0.0269220888
  12 0.0180282683
  13 0.0119197296
  14 0.0084376344
  15 0.0054879717
  16 0.0034164460
  17 0.0021712661
  18 0.0014409724
  19 0.0010343406
  20 0.0007949423
  21 0.0006340589
  22 0.0005209085
  23 0.0004432235
  24 0.0003900867
  25 0.0003523864
  26 0.0003245225
  27 0.0003034213
  28 0.0002870779
  29 0.0002739570
  30 0.0002629659
  31 0.0002534506
  32 0.0002450588
  33 0.0002375769
  34 0.0002308384
  35 0.0002247023
  36 0.0002190567
  37 0.0002138187
  38 0.0002089265
  39 0.0002043311
  40 0.0001999927
  41 0.0001958787
  42 0.0001919635
  43 0.0001882266
  44 0.0001846515
  45 0.0001812241
  46 0.0001779324
  47 0.0001747660
  48 0.0001717159
  49 0.0001687744
  50 0.0001659347
  51 0.0001631910
  52 0.0001605380
  53 0.0001579709
  54 0.0001554854
  55 0.0001530776
  56 0.0001507436
  57 0.0001484801
  58 0.0001462840
  59 0.0001441523
  60 0.0001420822
  61 0.0001400711
  62 0.0001381167
  63 0.0001362166
  64 0.0001343687
  65 0.0001325709
  66 0.0001308214
  67 0.0001291182
  68 0.0001274595
  69 0.0001258437
  70 0.0001242692
  71 0.0001227345
  72 0.0001212380
  73 0.0001197784
  74 0.0001183544
  75 0.0001169646
  76 0.0001156079
  77 0.0001142831
  78 0.0001129891
  79 0.0001117249
  80 0.0001104894
  81 0.0001092816
  82 0.0001081007
  83 0.0001069457
  84 0.0001058158
  85 0.0001047102
  86 0.0001036281
  87 0.0001025688
  88 0.0001015315
  89 0.0001005156
  90 0.0000995204
